14.3095217212 10.3038580576 14.7953525218 8.8064430948 
10.5564674778 14.8147405616 18.5978346976 9.70953261157 
15.9334394226 10.772989838 16.2688143649 10.3274359651 
4.56601551242 14.8869146817 12.8465804067 7.80829152363 
13.4434322804 14.0569123009 6.57248481648 13.7496699234 
5.35993083313 16.1138747228 17.8373382625 12.9416424611 
4.3134060922 8.31906975579 13.892263005 10.0897808292 
2.65340133071 10.7008157179 5.00396091893 7.28545022445 
2.65340133071 10.7008157179 5.00396091893 7.28545022445 
8.17472151566 8.71602741614 3.38790599419 8.7113810404 
5.35993083313 7.81385091533 6.85767097967 13.3694217058 
16.4386582631 15.8612653025 11.1829944547 9.13916028519 
13.7682158207 5.79297555352 6.47742276208 17.0768418273 
7.09210971469 8.49950505595 13.5120147874 14.5101663586 
5.46819201323 5.93732379365 14.7953525218 13.7021388962 
6.6590649943 6.11775909381 14.5576973858 14.7953525218 
6.29819439398 6.26210733394 14.1774491682 13.7972009506 
6.37036851404 7.99428621549 12.7990493795 13.2268286242 
